           1   1.0000000000000000     
           2  0.41950853570490487     
           3  0.23334247478823092     
           4  0.14681323252082470     
           5  0.12148190401482822     
           6  0.10337346013808757     
           7   8.9881911561961778E-002
           8   7.9189307131838735E-002
           9   7.0381316336197972E-002
          10   6.3010384876348483E-002
          11   5.7024130550264375E-002
          12   5.2295450206713667E-002
          13   4.8277297972117321E-002
          14   4.4808793537959919E-002
          15   4.1771120391022029E-002
          16   3.9062968964009105E-002
          17   3.6646325275785464E-002
          18   3.4501220716246235E-002
          19   3.2702791804260584E-002
          20   3.1492521991255108E-002
          21   3.0392030101685601E-002
          22   2.9381405664355788E-002
          23   2.8210052400345874E-002
          24   2.7053603084824039E-002
          25   2.5989985423534437E-002
          26   2.5006113586030342E-002
          27   2.4092377545218459E-002
          28   2.3241923775573724E-002
          29   2.2471894038502336E-002
          30   2.1865294761658372E-002
          31   2.1299524056334489E-002
          32   2.0768482806766412E-002
          33   2.0271181812190470E-002
          34   1.9803266775888707E-002
          35   1.9318881360314268E-002
          36   1.8837285027487854E-002
          37   1.8380399203814460E-002
          38   1.7947005350634503E-002
          39   1.7535489024353652E-002
          40   1.7148191338365822E-002
          41   1.6815796129227248E-002
          42   1.6500744433430560E-002
          43   1.6200779719988720E-002
          44   1.5914509548956818E-002
          45   1.5640912002478108E-002
          46   1.5379072445694359E-002
          47   1.5123125872006579E-002
          48   1.4864768745753085E-002
          49   1.4616366411322825E-002
          50   1.4377643547757436E-002
          51   1.4148340910344585E-002
          52   1.3931669122582490E-002
          53   1.3732327072257661E-002
          54   1.3540859865584381E-002
          55   1.3356615701761946E-002
          56   1.3179053304636430E-002
          57   1.3007691295542238E-002
          58   1.2842158461782939E-002
          59   1.2682114204703913E-002
          60   1.2523980508001527E-002
          61   1.2368463391514531E-002
          62   1.2217543627137721E-002
          63   1.2071060130641537E-002
          64   1.1928858361596528E-002
          65   1.1795141220047508E-002
          66   1.1665584347652729E-002
          67   1.1539862662306832E-002
          68   1.1417745208765546E-002
          69   1.1299059930934011E-002
          70   1.1183684071819805E-002
          71   1.1071527302450432E-002
          72   1.0962400034775045E-002
          73   1.0855049217532324E-002
          74   1.0749630057656983E-002
          75   1.0646820964942960E-002
          76   1.0546568137366093E-002
          77   1.0449176550703838E-002
          78   1.0355288681270194E-002
          79   1.0263729445564749E-002
          80   1.0174361751420414E-002
          81   1.0087132536575196E-002
          82   1.0001960788753315E-002
          83   9.9187541665815629E-003
          84   9.8374272644994442E-003
          85   9.7578766929501300E-003
          86   9.6798695865160708E-003
          87   9.6031179935326030E-003
          88   9.5279778420657556E-003
          89   9.4543843832725627E-003
          90   9.3823285961783590E-003
          91   9.3120829594811067E-003
          92   9.2432741635421183E-003
          93   9.1758564268353236E-003
          94   9.1097456960242146E-003
          95   9.0448420878326639E-003
          96   8.9811241470737734E-003
          97   8.9185764400951020E-003
          98   8.8572031175537681E-003
          99   8.7969567190925389E-003
         100   8.7376140254093373E-003
         101   8.6792470741006416E-003
         102   8.6218811203921802E-003
         103   8.5655466715298806E-003
         104   8.5103169427118430E-003
         105   8.4560805698272994E-003
         106   8.4027764083839628E-003
         107   8.3503687010662575E-003
         108   8.2988782627508636E-003
         109   8.2482614312854551E-003
         110   8.1984803522285720E-003
         111   8.1494931870170432E-003
         112   8.1012865559393944E-003
         113   8.0538812584727577E-003
         114   8.0071828725464273E-003
         115   7.9611904634419601E-003
         116   7.9158613380194229E-003
         117   7.8712064123887156E-003
         118   7.8272475087186669E-003
         119   7.7839422541202564E-003
         120   7.7412386996058768E-003
         121   7.6991002274731614E-003
         122   7.6575563883527886E-003
         123   7.6166262274597876E-003
         124   7.5762771340537501E-003
         125   7.5364503394956886E-003
         126   7.4971334193159678E-003
         127   7.4583512724502405E-003
         128   7.4201268277554787E-003
         129   7.3824274571651144E-003
         130   7.3451977198065307E-003
         131   7.3084344147357726E-003
         132   7.2721392486863028E-003
         133   7.2363652562804194E-003
         134   7.2010628119488149E-003
         135   7.1661890004507409E-003
         136   7.1317517547804365E-003
         137   7.0977541116147335E-003
         138   7.0642769529521143E-003
         139   7.0312921521206127E-003
         140   6.9987358617466695E-003
         141   6.9665755107867124E-003
         142   6.9348795746999826E-003
         143   6.9036149088691013E-003
         144   6.8728105999869022E-003
         145   6.8425002458051901E-003
         146   6.8126984383839731E-003
         147   6.7834250148254040E-003
         148   6.7546069841814965E-003
         149   6.7261619912890843E-003
         150   6.6981841830195581E-003
         151   6.6707545101172749E-003
         152   6.6438635962620561E-003
         153   6.6175342607194950E-003
         154   6.5917542351657645E-003
         155   6.5663593281648225E-003
         156   6.5413806539458977E-003
         157   6.5168763405932381E-003
         158   6.4928880657671066E-003
         159   6.4694870064849518E-003
         160   6.4466471711301012E-003
         161   6.4242709035683149E-003
         162   6.4023023648171994E-003
         163   6.3807290790294149E-003
         164   6.3596400756041789E-003
         165   6.3391239328571608E-003
         166   6.3191684313307064E-003
         167   6.2995911216770333E-003
         168   6.2802748362049132E-003
         169   6.2613425290906823E-003
         170   6.2429272396230823E-003
         171   6.2248899266311511E-003
         172   6.2071460775845909E-003
         173   6.1896383577374195E-003
         174   6.1723596715441125E-003
         175   6.1553052829311930E-003
         176   6.1384151222102805E-003
         177   6.1215940240965088E-003
         178   6.1046640294430384E-003
         179   6.0874276249624944E-003
         180   6.0697529813690775E-003
         181   6.0515713306235610E-003
         182   6.0327979674102026E-003
         183   6.0133629794813879E-003
         184   5.9932430196444316E-003
         185   5.9724328894405097E-003
         186   5.9509327753826105E-003
         187   5.9287439331989497E-003
         188   5.9058751957811687E-003
         189   5.8823437662438817E-003
         190   5.8581734338631350E-003
         191   5.8333933692001011E-003
         192   5.8080373971366988E-003
         193   5.7821435023637765E-003
         194   5.7557534410050577E-003
         195   5.7289125692969213E-003
         196   5.7016700736126141E-003
         197   5.6740798641597276E-003
         198   5.6462027941568960E-003
         199   5.6181114920869453E-003
         200   5.5899010571528011E-003
         201   5.5617274454471885E-003
         202   5.5336150843724678E-003
         203   5.5056059637190640E-003
         204   5.4778448884472359E-003
         205   5.4506243889766246E-003
         206   5.4240316073447450E-003
         207   5.3980199852527314E-003
         208   5.3724006797687233E-003
         209   5.3470605431250387E-003
         210   5.3219484124742023E-003
         211   5.2970976154747490E-003
         212   5.2726159222812388E-003
         213   5.2484320051999489E-003
         214   5.2244759547779513E-003
         215   5.2007406001001845E-003
         216   5.1772540290509570E-003
         217   5.1540350645862595E-003
         218   5.1310999230469116E-003
         219   5.1084070696436629E-003
         220   5.0859444622023669E-003
         221   5.0637301773102513E-003
         222   5.0417536416128787E-003
         223   5.0200165701719882E-003
         224   4.9985601681280202E-003
         225   4.9773855953253480E-003
         226   4.9564501785840471E-003
         227   4.9357061168877276E-003
         228   4.9151429434199524E-003
         229   4.8947668254617736E-003
         230   4.8745561576658096E-003
         231   4.8545259083093342E-003
         232   4.8347088343124751E-003
         233   4.8151194927112699E-003
         234   4.7957078416506916E-003
         235   4.7764514524302071E-003
         236   4.7573519353985389E-003
         237   4.7383953435340062E-003
         238   4.7195615491349985E-003
         239   4.7008581118754608E-003
         240   4.6822759372949782E-003
         241   4.6638453954885870E-003
         242   4.6455577451815335E-003
         243   4.6274193144652887E-003
         244   4.6094396505893731E-003
         245   4.5915659313500523E-003
         246   4.5738236115672312E-003
         247   4.5562040407197057E-003
         248   4.5386743932498410E-003
         249   4.5212532197447712E-003
         250   4.5039417288756838E-003
         251   4.4867215912305939E-003
         252   4.4695910469470844E-003
         253   4.4525645095188837E-003
         254   4.4356307232081959E-003
         255   4.4187913557768212E-003
         256   4.4020709484030385E-003
         257   4.3854624373870508E-003
         258   4.3689610926218297E-003
         259   4.3525616706231425E-003
         260   4.3362630682565297E-003
         261   4.3200485549859322E-003
         262   4.3039254124126007E-003
         263   4.2878936975550242E-003
         264   4.2719520491512645E-003
         265   4.2560840129965321E-003
         266   4.2403021210073860E-003
         267   4.2246150185454526E-003
         268   4.2090012852960745E-003
         269   4.1934676250149914E-003
         270   4.1780211616647325E-003
         271   4.1626508839807718E-003
         272   4.1473694208769901E-003
         273   4.1321664068371920E-003
         274   4.1170326581902606E-003
         275   4.1019953413488075E-003
         276   4.0870442718570514E-003
         277   4.0721531870583699E-003
         278   4.0573534050413673E-003
         279   4.0426574595648895E-003
         280   4.0280270015390137E-003
         281   4.0134826140543626E-003
         282   3.9990406289131912E-003
         283   3.9846915084340096E-003
         284   3.9704288845499348E-003
         285   3.9562603683285097E-003
         286   3.9421857432275983E-003
         287   3.9282186555413701E-003
         288   3.9143457899837577E-003
         289   3.9005545636696939E-003
         290   3.8868875724773861E-003
         291   3.8733291959727324E-003
         292   3.8598609188384985E-003
         293   3.8464944700068440E-003
         294   3.8332567380413313E-003
         295   3.8201102084582063E-003
         296   3.8070606305609794E-003
         297   3.7941124857716734E-003
         298   3.7812700426152436E-003
         299   3.7685260240314282E-003
         300   3.7558703974385787E-003
         301   3.7433068618607998E-003
         302   3.7308354721335324E-003
         303   3.7184429674732857E-003
         304   3.7061098092152295E-003
         305   3.6938319584561559E-003
         306   3.6815950256883891E-003
         307   3.6693667714265063E-003
         308   3.6571281587776143E-003
         309   3.6448541493622928E-003
         310   3.6325182490288539E-003
         311   3.6200930512619517E-003
         312   3.6075433637592050E-003
         313   3.5948443985292814E-003
         314   3.5819708414817591E-003
         315   3.5688871921857684E-003
         316   3.5555654840458929E-003
         317   3.5419795239628707E-003
         318   3.5281019974147941E-003
         319   3.5139053132819164E-003
         320   3.4993621505471496E-003
         321   3.4844462818500732E-003
         322   3.4691367790434494E-003
         323   3.4534149169198397E-003
         324   3.4372551405081370E-003
         325   3.4206350690784604E-003
         326   3.4035368931351951E-003
         327   3.3859490268522215E-003
         328   3.3678582063466434E-003
         329   3.3492487762746426E-003
         330   3.3301064022061900E-003
         331   3.3104231539490834E-003
         332   3.2901976067586641E-003
         333   3.2694197381570181E-003
         334   3.2480935942723289E-003
         335   3.2262140085238416E-003
         336   3.2037872565720115E-003
         337   3.1808120790558494E-003
         338   3.1572961209322425E-003
         339   3.1332603958887655E-003
         340   3.1087174430638139E-003
         341   3.0836716802002842E-003
         342   3.0581391457934638E-003
         343   3.0321477242047381E-003
         344   3.0057377579469375E-003
         345   2.9789292911889141E-003
         346   2.9517480251392485E-003
         347   2.9242320757425985E-003
         348   2.8964315780413822E-003
         349   2.8683919051361892E-003
         350   2.8401492703256800E-003
         351   2.8117587784203136E-003
         352   2.7832906799056195E-003
         353   2.7548043358328693E-003
         354   2.7263739252162311E-003
         355   2.6980856283899016E-003
         356   2.6700118866912763E-003
         357   2.6422429367919313E-003
         358   2.6148842964470258E-003
         359   2.5880392001305943E-003
         360   2.5618449205858634E-003
         361   2.5364116375433286E-003
         362   2.5118588639463789E-003
         363   2.4883519404343573E-003
         364   2.4660702001761316E-003
         365   2.4451694781023742E-003
         366   2.4258117443657409E-003
         367   2.4083053547772322E-003
         368   2.3929291982051496E-003
         369   2.3799915623168213E-003
         370   2.3698819308922764E-003
         371   2.3623814831784918E-003
         372   2.3574377595789293E-003
         373   2.3549082767123394E-003
         374   2.3541034087376615E-003
         375   2.3546433828193561E-003
         376   2.3563150311364241E-003
         377   2.3589686981839693E-003
         378   2.3624839643611719E-003
         379   2.3667665079703656E-003
         380   2.3717156064348472E-003
         381   2.3772597312447527E-003
         382   2.3832972645931850E-003
         383   2.3897694831111938E-003
         384   2.3965858268801274E-003
         385   2.4036844604226931E-003
         386   2.4109987347972722E-003
         387   2.4184636553014165E-003
         388   2.4260163485280151E-003
         389   2.4336134741090075E-003
         390   2.4411980296406466E-003
         391   2.4487172643254010E-003
         392   2.4561426930265065E-003
         393   2.4634245403221855E-003
         394   2.4705232944901264E-003
         395   2.4774244358233511E-003
         396   2.4840868624870964E-003
         397   2.4904857441738074E-003
         398   2.4966042163763985E-003
         399   2.5024099840256359E-003
         400   2.5078826672516891E-003
         401   2.5130117545380569E-003
         402   2.5177915832949259E-003
         403   2.5222030261940189E-003
         404   2.5262444453479031E-003
         405   2.5299152726122936E-003
         406   2.5332119051872971E-003
         407   2.5361317188812875E-003
         408   2.5386852504609677E-003
         409   2.5408735800693904E-003
         410   2.5427034196157101E-003
         411   2.5441838848158428E-003
         412   2.5453263773833027E-003
         413   2.5461425883551770E-003
         414   2.5466451595293005E-003
         415   2.5468458686950710E-003
         416   2.5467635993927282E-003
         417   2.5464109616167539E-003
         418   2.5458026112557862E-003
         419   2.5449566924799077E-003
         420   2.5438863271301944E-003
         421   2.5426061442676640E-003
         422   2.5411318539067394E-003
         423   2.5394725840437744E-003
         424   2.5376468484724201E-003
         425   2.5356561369927685E-003
         426   2.5335152126892040E-003
         427   2.5312265527268544E-003
         428   2.5287953799692777E-003
         429   2.5262302370370714E-003
         430   2.5235258923528340E-003
         431   2.5206878834462070E-003
         432   2.5177125551404302E-003
         433   2.5146061596248914E-003
         434   2.5113569875111425E-003
         435   2.5079679115112669E-003
         436   2.5044325249653021E-003
         437   2.5007404834080050E-003
         438   2.4969003027279970E-003
         439   2.4929062985239369E-003
         440   2.4887467085423442E-003
         441   2.4844283007779801E-003
         442   2.4799640070952431E-003
         443   2.4753485497270859E-003
         444   2.4705708569496398E-003
         445   2.4656288145604244E-003
         446   2.4605308916882808E-003
         447   2.4552344995503474E-003
         448   2.4497720354552401E-003
         449   2.4441539825955966E-003
         450   2.4383187590356968E-003
         451   2.4322968922827447E-003
         452   2.4261106484434322E-003
         453   2.4196988852598017E-003
         454   2.4130809208673903E-003
         455   2.4062747028475132E-003
         456   2.3992551777225969E-003
         457   2.3920142289302129E-003
         458   2.3845461656037980E-003
         459   2.3768258992821977E-003
         460   2.3688523725519618E-003
         461   2.3606189491930216E-003
         462   2.3521084892039463E-003
         463   2.3433200903263465E-003
         464   2.3342436123476667E-003
         465   2.3248648399868985E-003
         466   2.3151847761275850E-003
         467   2.3051920599465145E-003
         468   2.2948755091618581E-003
         469   2.2842395725872658E-003
         470   2.2732741103971069E-003
         471   2.2619722628268550E-003
         472   2.2503453911068188E-003
         473   2.2383882772768027E-003
         474   2.2260907237323991E-003
         475   2.2134632744570631E-003
         476   2.2004992366181763E-003
         477   2.1872002323630748E-003
         478   2.1735854513091658E-003
         479   2.1596538653736838E-003
         480   2.1454187221804527E-003
         481   2.1309071374010220E-003
         482   2.1161278540847515E-003
         483   2.1011132267452341E-003
         484   2.0858985561222261E-003
         485   2.0705377353115867E-003
         486   2.0551130066434201E-003
         487   2.0396220606108046E-003
         488   2.0240637521694422E-003
         489   2.0084384008794759E-003
         490   1.9927264317113375E-003
         491   1.9768757905227791E-003
         492   1.9608624424748062E-003
         493   1.9447573865068294E-003
         494   1.9286586768342718E-003
         495   1.9125250203764067E-003
         496   1.8963638614513589E-003
         497   1.8800799399218793E-003
         498   1.8636502128802266E-003
         499   1.8471359739743532E-003
         500   1.8307512079009415E-003
         501   1.8145603958963084E-003
         502   1.7983756337857132E-003
         503   1.7821802088614641E-003
         504   1.7661385680602121E-003
         505   1.7504510443544057E-003
         506   1.7350227513282309E-003
         507   1.7200414450284525E-003
         508   1.7056131442249516E-003
         509   1.6920519581307028E-003
         510   1.6797466495183534E-003
         511   1.6688862158762041E-003
         512   1.6593165796693814E-003
         513   1.6506571135382223E-003
         514   1.6428276430236091E-003
         515   1.6358341069074717E-003
         516   1.6296563441686493E-003
         517   1.6242891666044829E-003
         518   1.6197209869752897E-003
         519   1.6159331819447366E-003
         520   1.6129043721931186E-003
         521   1.6106224384655583E-003
         522   1.6090735750081873E-003
         523   1.6082378870945335E-003
         524   1.6081054068876588E-003
         525   1.6086682310794723E-003
         526   1.6098987236991792E-003
         527   1.6117750906585742E-003
         528   1.6142802115001456E-003
         529   1.6174050788618900E-003
         530   1.6211574536457644E-003
         531   1.6255321765073693E-003
         532   1.6305454972837384E-003
         533   1.6362292370690518E-003
         534   1.6426334316943035E-003
         535   1.6498215996778086E-003
         536   1.6578859735476314E-003
         537   1.6668802871309856E-003
         538   1.6766956785842873E-003
         539   1.6871076359536040E-003
         540   1.6978982695506379E-003
         541   1.7089285340953740E-003
         542   1.7200902477721108E-003
         543   1.7313191492196987E-003
         544   1.7425657221271278E-003
         545   1.7537899873351121E-003
         546   1.7649644910022902E-003
         547   1.7760630974183163E-003
         548   1.7870546368288845E-003
         549   1.7979170580387652E-003
         550   1.8086455765433647E-003
         551   1.8192252454380575E-003
         552   1.8296395679616195E-003
         553   1.8398436146907838E-003
         554   1.8497924482880181E-003
         555   1.8594703110475994E-003
         556   1.8688644898926961E-003
         557   1.8779622172503693E-003
         558   1.8867598284268048E-003
         559   1.8952511249405966E-003
         560   1.9034302997843232E-003
         561   1.9112954291843128E-003
         562   1.9188471014872368E-003
         563   1.9260865817724052E-003
         564   1.9330126755407288E-003
         565   1.9396309018801245E-003
         566   1.9459371099771520E-003
         567   1.9519363768305527E-003
         568   1.9576357626436857E-003
         569   1.9630423495048854E-003
         570   1.9681597490274786E-003
         571   1.9730021858010978E-003
         572   1.9775725034104005E-003
         573   1.9818806195215808E-003
         574   1.9859311061207661E-003
         575   1.9897378792243388E-003
         576   1.9933138166986454E-003
         577   1.9966748494754339E-003
         578   1.9998362775636145E-003
         579   2.0027919393007937E-003
         580   2.0055596446445874E-003
         581   2.0081596252832382E-003
         582   2.0106035599124486E-003
         583   2.0129059454254308E-003
         584   2.0150696058869556E-003
         585   2.0171115776442842E-003
         586   2.0190601656079527E-003
         587   2.0209160551500917E-003
         588   2.0226827227346677E-003
         589   2.0243906761080142E-003
         590   2.0260504079885827E-003
         591   2.0276653747175279E-003
         592   2.0292537760907008E-003
         593   2.0308295790631889E-003
         594   2.0323936566480176E-003
         595   2.0339541720759283E-003
         596   2.0355293337428731E-003
         597   2.0371405541559293E-003
         598   2.0387889830696024E-003
         599   2.0404829137807908E-003
         600   2.0422356694338893E-003
         601   2.0440550237429589E-003
         602   2.0459597024034180E-003
         603   2.0479660396425584E-003
         604   2.0500790822946492E-003
         605   2.0523222892271241E-003
         606   2.0547274007247530E-003
         607   2.0573248870039218E-003
         608   2.0601368820783741E-003
         609   2.0631993512297223E-003
         610   2.0665313924478328E-003
         611   2.0701501705303513E-003
         612   2.0740751549744429E-003
         613   2.0783084399058466E-003
         614   2.0828240859580229E-003
         615   2.0875963219846630E-003
         616   2.0925941946536076E-003
         617   2.0978102022925138E-003
         618   2.1032172101554288E-003
         619   2.1087918986664408E-003
         620   2.1145259735345172E-003
         621   2.1204006099334208E-003
         622   2.1264056524087460E-003
         623   2.1325273787804479E-003
         624   2.1387441930471869E-003
         625   2.1450578195839694E-003
         626   2.1514429866872006E-003
         627   2.1578940704268272E-003
         628   2.1644076776442685E-003
         629   2.1709561015008992E-003
         630   2.1775375244681467E-003
         631   2.1841540279214254E-003
         632   2.1907856770057694E-003
         633   2.1974303063164989E-003
         634   2.2040864873286450E-003
         635   2.2107354232892597E-003
         636   2.2173795917368824E-003
         637   2.2240016641067875E-003
         638   2.2305972598263904E-003
         639   2.2371745256950441E-003
         640   2.2436942996145763E-003
         641   2.2501394767009643E-003
         642   2.2565452725312536E-003
         643   2.2628715783979550E-003
         644   2.2690914513061895E-003
         645   2.2752312116330678E-003
         646   2.2812432755629003E-003
         647   2.2871257529941112E-003
         648   2.2928594665779889E-003
         649   2.2984300630250632E-003
         650   2.3038205039950621E-003
         651   2.3089967225697577E-003
         652   2.3139708280863966E-003
         653   2.3187339710649688E-003
         654   2.3232755900818068E-003
         655   2.3275855567932166E-003
         656   2.3316591332411180E-003
         657   2.3354958306225299E-003
         658   2.3390780991326293E-003
         659   2.3423940442003420E-003
         660   2.3454359071386041E-003
         661   2.3481906257293720E-003
         662   2.3506533301617272E-003
         663   2.3528171819572224E-003
         664   2.3546795733978333E-003
         665   2.3562430108236914E-003
         666   2.3575118084933253E-003
         667   2.3584823879657293E-003
         668   2.3591466601724813E-003
         669   2.3595023688426100E-003
         670   2.3595490940638104E-003
         671   2.3592825951257593E-003
         672   2.3587178372904082E-003
         673   2.3578485031247776E-003
         674   2.3566771997609757E-003
         675   2.3552086586409219E-003
         676   2.3534506803954227E-003
         677   2.3514172675330298E-003
         678   2.3491141496910779E-003
         679   2.3465377585220153E-003
         680   2.3436897261026337E-003
         681   2.3405737132886437E-003
         682   2.3372095481547744E-003
         683   2.3336203279989685E-003
         684   2.3298068728248036E-003
         685   2.3257747771578039E-003
         686   2.3215327572857413E-003
         687   2.3170942170778071E-003
         688   2.3124778200071757E-003
         689   2.3076837241294934E-003
         690   2.3027131718358577E-003
         691   2.2975749708869144E-003
         692   2.2922800782279092E-003
         693   2.2868394636210310E-003
         694   2.2812645477788517E-003
         695   2.2755654361278047E-003
         696   2.2697522418556270E-003
         697   2.2638368542098569E-003
         698   2.2578318580088086E-003
         699   2.2517503223433446E-003
         700   2.2456097077084001E-003
         701   2.2394200602526013E-003
         702   2.2331964870990597E-003
         703   2.2269603178517931E-003
         704   2.2207170896883228E-003
         705   2.2144554057040079E-003
         706   2.2081772585220774E-003
         707   2.2018858465663186E-003
         708   2.1955862269539385E-003
         709   2.1892873691856368E-003
         710   2.1829965717539731E-003
         711   2.1767190252208676E-003
         712   2.1704588275734348E-003
         713   2.1642195743681791E-003
         714   2.1580068527059198E-003
         715   2.1518218491215634E-003
         716   2.1456515836962074E-003
         717   2.1394890909698775E-003
         718   2.1333236648240733E-003
         719   2.1271469993134661E-003
         720   2.1209468261872018E-003
         721   2.1147084397147350E-003
         722   2.1084204239447493E-003
         723   2.1020760080902937E-003
         724   2.0956722609303735E-003
         725   2.0892049574137198E-003
         726   2.0826685872649344E-003
         727   2.0760571109742307E-003
         728   2.0693630330776108E-003
         729   2.0625766312819690E-003
         730   2.0556899444554599E-003
         731   2.0486960660713724E-003
         732   2.0415896666963196E-003
         733   2.0343696757195119E-003
         734   2.0270231794344857E-003
         735   2.0195393545183373E-003
         736   2.0119093997716100E-003
         737   2.0041243812157147E-003
         738   1.9961766262150448E-003
         739   1.9880589848521413E-003
         740   1.9797630560890096E-003
         741   1.9712818491019941E-003
         742   1.9626089409881492E-003
         743   1.9537383023564077E-003
         744   1.9446638206861299E-003
         745   1.9353816670512507E-003
         746   1.9258851689004926E-003
         747   1.9161637471765533E-003
         748   1.9062077964225660E-003
         749   1.8960078259086101E-003
         750   1.8855552053529171E-003
         751   1.8748419057811950E-003
         752   1.8638590961623930E-003
         753   1.8525977200146418E-003
         754   1.8410493118371273E-003
         755   1.8292062798494263E-003
         756   1.8170613546403763E-003
         757   1.8046091005495186E-003
         758   1.7918431846095234E-003
         759   1.7787539799210654E-003
         760   1.7653340370155841E-003
         761   1.7515763613045901E-003
         762   1.7374746489281791E-003
         763   1.7230237095651219E-003
         764   1.7082194166649521E-003
         765   1.6930583608344158E-003
         766   1.6775381458838860E-003
         767   1.6616592529651165E-003
         768   1.6454241763974066E-003
         769   1.6288293822207835E-003
         770   1.6118746974103139E-003
         771   1.5945626692932026E-003
         772   1.5769003635249113E-003
         773   1.5588958434066998E-003
         774   1.5405600635700623E-003
         775   1.5219086925095039E-003
         776   1.5029360631784242E-003
         777   1.4836475985503023E-003
         778   1.4640581984238330E-003
         779   1.4441956320826168E-003
         780   1.4240844534349005E-003
         781   1.4037295901143470E-003
         782   1.3831223008148666E-003
         783   1.3622716231291466E-003
         784   1.3412046147184174E-003
         785   1.3199854033347903E-003
         786   1.2986352061412523E-003
         787   1.2771452981507154E-003
         788   1.2555228427100684E-003
         789   1.2338169104589914E-003
         790   1.2120750070407844E-003
         791   1.1902916676489244E-003
         792   1.1685148368791713E-003
         793   1.1467723863862525E-003
         794   1.1251601322576749E-003
         795   1.1037520356110689E-003
         796   1.0825733650614952E-003
         797   1.0617604612770419E-003
         798   1.0415013179332297E-003
         799   1.0218350596876045E-003
         800   1.0027427714961526E-003
         801   9.8421685228273809E-004
         802   9.6630687772151244E-004
         803   9.4913211209301054E-004
         804   9.3276227031225008E-004
         805   9.1729028490299114E-004
         806   9.0278749387638039E-004
         807   8.8927226898324115E-004
         808   8.7671890742474739E-004
         809   8.6508280374944177E-004
         810   8.5432282905913560E-004
         811   8.4441471537151933E-004
         812   8.3534269956485622E-004
         813   8.2710727904946344E-004
         814   8.1971771231870356E-004
         815   8.1320412844497643E-004
         816   8.0759296171038731E-004
         817   8.0291672305997928E-004
         818   7.9921934925298579E-004
         819   7.9652889140095393E-004
         820   7.9489022592183639E-004
         821   7.9437009003329058E-004
         822   7.9504289900424391E-004
         823   7.9698514796298870E-004
         824   8.0027944242747138E-004
         825   8.0484668741031586E-004
         826   8.1036965572433965E-004
         827   8.1656721903072653E-004
         828   8.2329647881262567E-004
         829   8.3046889131961719E-004
         830   8.3803775575080387E-004
         831   8.4596385639664634E-004
         832   8.5421978642550547E-004
         833   8.6277710477371912E-004
         834   8.7161130251670852E-004
         835   8.8069597529489326E-004
         836   8.9000900801019015E-004
         837   8.9953252793239060E-004
         838   9.0926043974080557E-004
         839   9.1918444857861878E-004
         840   9.2929940961934297E-004
         841   9.3962141351651136E-004
         842   9.5013493917551681E-004
         843   9.6085098273144501E-004
         844   9.7176571622642211E-004
         845   9.8290218329304862E-004
         846   9.9426482577645754E-004
         847   1.0058494114496030E-003
         848   1.0176572384862166E-003
         849   1.0296697909838364E-003
         850   1.0418506802317578E-003
         851   1.0541932294936783E-003
         852   1.0666954975408563E-003
         853   1.0793603852227030E-003
         854   1.0921881484496796E-003
         855   1.1051793240647813E-003
         856   1.1183363786745483E-003
         857   1.1316597917139137E-003
         858   1.1451477277920942E-003
         859   1.1587912509677966E-003
         860   1.1725552316980609E-003
         861   1.1864156258469842E-003
         862   1.2003576845975967E-003
         863   1.2143557124908728E-003
         864   1.2283897647300855E-003
         865   1.2424696875880257E-003
         866   1.2565651704625324E-003
         867   1.2706776928198508E-003
         868   1.2848040433122456E-003
         869   1.2989458137214257E-003
         870   1.3131035367081577E-003
         871   1.3272807137560880E-003
         872   1.3414694625698879E-003
         873   1.3556567024535101E-003
         874   1.3698230847826332E-003
         875   1.3839507484829212E-003
         876   1.3980253651432993E-003
         877   1.4120335803708525E-003
         878   1.4259693481729323E-003
         879   1.4398059076667607E-003
         880   1.4535170000357337E-003
         881   1.4670845653267804E-003
         882   1.4804994603285673E-003
         883   1.4937455575363210E-003
         884   1.5068202150118083E-003
         885   1.5197185457501009E-003
         886   1.5324196880367200E-003
         887   1.5448912601148993E-003
         888   1.5571157336925334E-003
         889   1.5690803983119843E-003
         890   1.5807768041730147E-003
         891   1.5921985227563167E-003
         892   1.6033404827559227E-003
         893   1.6141987901453448E-003
         894   1.6247708962267579E-003
         895   1.6350548638715235E-003
         896   1.6450490131986470E-003
         897   1.6547519541087480E-003
         898   1.6641631418934815E-003
         899   1.6732823064444311E-003
         900   1.6821093372498595E-003
         901   1.6906444635768484E-003
         902   1.6988888919028161E-003
         903   1.7068438652370393E-003
         904   1.7145103540581606E-003
         905   1.7218891131157304E-003
         906   1.7289816479698203E-003
         907   1.7357892343747025E-003
         908   1.7423126827856743E-003
         909   1.7485520899287932E-003
         910   1.7545102878221426E-003
         911   1.7601901308807845E-003
         912   1.7655934996810886E-003
         913   1.7707214145001860E-003
         914   1.7755756792572960E-003
         915   1.7801584446313257E-003
         916   1.7844703299042127E-003
         917   1.7885117799777334E-003
         918   1.7922884856792995E-003
         919   1.7958045224923647E-003
         920   1.7990625485538288E-003
         921   1.8020639737239643E-003
         922   1.8048098815737746E-003
         923   1.8073018038106410E-003
         924   1.8095475454679524E-003
         925   1.8115507821977990E-003
         926   1.8133159784948559E-003
         927   1.8148475786140099E-003
         928   1.8161439099766924E-003
         929   1.8172116655866424E-003
         930   1.8180546966390606E-003
         931   1.8186717615388003E-003
         932   1.8190704107051339E-003
         933   1.8192638814052977E-003
         934   1.8192655016778590E-003
         935   1.8190844093312159E-003
         936   1.8187296997760265E-003
         937   1.8182070412034606E-003
         938   1.8175204844460128E-003
         939   1.8166750606530490E-003
         940   1.8156758798202888E-003
         941   1.8145281173443206E-003
         942   1.8132369931815858E-003
         943   1.8118077324138107E-003
         944   1.8102454250565360E-003
         945   1.8085549796163973E-003
         946   1.8067414642558885E-003
         947   1.8048080471050692E-003
         948   1.8027590774797758E-003
         949   1.8005985967421813E-003
         950   1.7983294177077521E-003
         951   1.7959542703713666E-003
         952   1.7934766687723743E-003
         953   1.7908997143345207E-003
         954   1.7882265050760862E-003
         955   1.7854628508048925E-003
         956   1.7826152850766966E-003
         957   1.7796810963092774E-003
         958   1.7766562361664279E-003
         959   1.7735376405555005E-003
         960   1.7703251047746257E-003
         961   1.7670200192376384E-003
         962   1.7636247753369430E-003
         963   1.7601369007952553E-003
         964   1.7565552190440966E-003
         965   1.7528804656090655E-003
         966   1.7491142770450488E-003
         967   1.7452580192953194E-003
         968   1.7413193248577053E-003
         969   1.7372963819870602E-003
         970   1.7331966826090307E-003
         971   1.7290233626367569E-003
         972   1.7247859629116072E-003
         973   1.7205136536213590E-003
         974   1.7161907688920304E-003
         975   1.7118096644317328E-003
         976   1.7073620245795012E-003
         977   1.7028490518876923E-003
         978   1.6982710756021588E-003
         979   1.6936312104166376E-003
         980   1.6889448130314028E-003
         981   1.6842252083618206E-003
         982   1.6794613793406344E-003
         983   1.6746536061284466E-003
         984   1.6698064465859267E-003
         985   1.6649270773520244E-003
         986   1.6600288053505519E-003
         987   1.6551072426046760E-003
         988   1.6501677165954203E-003
         989   1.6452238793437611E-003
         990   1.6402905640093266E-003
         991   1.6353800462330058E-003
         992   1.6305081943178857E-003
         993   1.6256700798985794E-003
         994   1.6208442784253904E-003
         995   1.6160409746124251E-003
         996   1.6112461628295500E-003
         997   1.6064509095417140E-003
         998   1.6016531129325275E-003
         999   1.5968516125316485E-003
        1000   1.5920479320291568E-003
        1001   1.5872669379437669E-003
        1002   1.5825193787485344E-003
        1003   1.5777762247115817E-003
        1004   1.5730260724210034E-003
        1005   1.5682676332674540E-003
        1006   1.5635049988103270E-003
        1007   1.5587319723410595E-003
        1008   1.5539380114090798E-003
        1009   1.5491132865809438E-003
        1010   1.5442522401024090E-003
        1011   1.5393497028820665E-003
        1012   1.5344003281666067E-003
        1013   1.5293989181414541E-003
        1014   1.5243425718442978E-003
        1015   1.5192260218710181E-003
        1016   1.5140492583034511E-003
        1017   1.5088045744922299E-003
        1018   1.5034908229195345E-003
        1019   1.4981057620267841E-003
        1020   1.4926470442032196E-003
        1021   1.4871120859127332E-003
        1022   1.4814990143241999E-003
        1023   1.4758060327612849E-003
        1024   1.4700318670704720E-003
        1025   1.4641754014136422E-003
        1026   1.4582359559784728E-003
        1027   1.4522140102933424E-003
        1028   1.4461103814120127E-003
        1029   1.4399244280467356E-003
        1030   1.4336554388290599E-003
        1031   1.4273038285693006E-003
        1032   1.4208722379806106E-003
        1033   1.4143614946083196E-003
        1034   1.4077725140841173E-003
        1035   1.4011067785913765E-003
        1036   1.3943661847990697E-003
        1037   1.3875527400163123E-003
        1038   1.3806685187071433E-003
        1039   1.3737157927552128E-003
        1040   1.3666970719720033E-003
        1041   1.3596150919099657E-003
        1042   1.3524727676995712E-003
        1043   1.3452731832295200E-003
        1044   1.3380197757015351E-003
        1045   1.3307162582526784E-003
        1046   1.3233658727986072E-003
        1047   1.3159712012214637E-003
        1048   1.3085366200090447E-003
        1049   1.3010653412135703E-003
        1050   1.2935616369633581E-003
        1051   1.2860295916739168E-003
        1052   1.2784736960691078E-003
        1053   1.2709003279000610E-003
        1054   1.2633140769648216E-003
        1055   1.2557179007503000E-003
        1056   1.2481162068575823E-003
        1057   1.2405136125601449E-003
        1058   1.2329140901053174E-003
        1059   1.2253223657380846E-003
        1060   1.2177433107217253E-003
        1061   1.2101798428688054E-003
        1062   1.2026368347480320E-003
        1063   1.1951202818075196E-003
        1064   1.1876335779949843E-003
        1065   1.1801799248827788E-003
        1066   1.1727640841175167E-003
        1067   1.1653917081258303E-003
        1068   1.1580672160390109E-003
        1069   1.1507949930556439E-003
        1070   1.1435825107042159E-003
        1071   1.1364315515249930E-003
        1072   1.1293514158054242E-003
        1073   1.1223459966055649E-003
        1074   1.1154093373815768E-003
        1075   1.1085527692842640E-003
        1076   1.1017732345286169E-003
        1077   1.0950624114183225E-003
        1078   1.0884351315259414E-003
        1079   1.0818751469122961E-003
        1080   1.0753836078040528E-003
        1081   1.0689610470619964E-003
        1082   1.0625943744044660E-003
        1083   1.0562851482817616E-003
        1084   1.0500294968824758E-003
        1085   1.0438189347855738E-003
        1086   1.0376533261977922E-003
        1087   1.0315302023816923E-003
        1088   1.0254397334452524E-003
        1089   1.0193887182562186E-003
        1090   1.0133652526674380E-003
        1091   1.0073713381252628E-003
        1092   1.0014076082127345E-003
        1093   9.9546364266301962E-004
        1094   9.8955426750364111E-004
        1095   9.8367307481624176E-004
        1096   9.7781309526065040E-004
        1097   9.7197171193648196E-004
        1098   9.6614193845514769E-004
        1099   9.6032329707526295E-004
        1100   9.5451020869082731E-004
        1101   9.4869166478498638E-004
        1102   9.4286503513538471E-004
        1103   9.3702608583018658E-004
        1104   9.3117018320056902E-004
        1105   9.2530181251046333E-004
        1106   9.1942118039636811E-004
        1107   9.1354196168400459E-004
        1108   9.0765940707999071E-004
        1109   9.0177032260320823E-004
        1110   8.9587748602372246E-004
        1111   8.8998118120220979E-004
        1112   8.8408608375450330E-004
        1113   8.7819638981611063E-004
        1114   8.7231853565029101E-004
        1115   8.6646056256149120E-004
        1116   8.6063443840542003E-004
        1117   8.5485846182687157E-004
        1118   8.4914813957990404E-004
        1119   8.4350468586173971E-004
        1120   8.3794288126698196E-004
        1121   8.3247228185708781E-004
        1122   8.2711384476629899E-004
        1123   8.2188370701932734E-004
        1124   8.1680822978231083E-004
        1125   8.1192142360754613E-004
        1126   8.0724947163245565E-004
        1127   8.0280496811677138E-004
        1128   7.9860995687667342E-004
        1129   7.9468759231025193E-004
        1130   7.9107651639582957E-004
        1131   7.8781305115640534E-004
        1132   7.8496069808892566E-004
        1133   7.8255426457316424E-004
        1134   7.8063435857833033E-004
        1135   7.7923343528829461E-004
        1136   7.7840513015124864E-004
        1137   7.7820752005371455E-004
        1138   7.7866921028874850E-004
        1139   7.7983309116992194E-004
        1140   7.8173847017596178E-004
        1141   7.8436386254235704E-004
        1142   7.8765616482050454E-004
        1143   7.9148583215208615E-004
